0,2.714045
1,2.458995
2,2.557845
3,2.920463
4,2.579402
5,2.733196
6,2.604972
7,2.730053
8,2.763485
9,2.549724
10,2.729837
11,2.978999
12,2.740395
13,2.774374
14,2.889614
15,2.514231
16,2.521316
17,2.647260
18,2.675504
19,2.538465
20,2.579994
21,2.700951
22,2.584566
23,2.636553
24,2.487940
25,3.088782
26,2.481967
27,2.442916
28,2.925543
29,2.560132
30,2.718828
31,2.296648
32,2.944681
33,2.865863
34,2.709278
35,2.587501
36,2.276492
37,2.806633
38,2.581425
39,2.714090
40,2.537184
41,2.776383
42,2.519817
43,2.590168
44,2.766238
45,2.378495
46,2.507408
47,2.540901
48,2.506689
49,2.652276
50,2.478925
51,3.142887
52,2.752452
53,2.510274
54,2.732018
55,2.687060
56,2.721723
57,2.600415
58,2.550884
59,2.716801
60,2.900402
61,2.590324
62,2.502567
63,2.498046
64,2.692281
65,2.670404
66,2.881006
67,2.397292
68,2.551859
69,2.601018
70,2.849526
71,2.756623
72,2.959283
73,2.682209
74,2.806215
75,2.486729
76,2.535648
77,2.437665
78,2.186017
79,2.434679
80,2.705937
81,2.392951
82,2.728652
83,3.139433
84,2.502244
85,2.779211
86,2.939919
87,2.610497
88,2.813788
89,2.587226
90,2.507959
91,2.680076
92,2.681162
93,2.725753
94,2.876890
95,2.779609
96,2.722631
97,2.810958
98,2.519092
99,2.533773
100,2.927631
101,2.838625
102,2.890903
103,2.732268
104,2.525941
105,3.296199
106,2.448308
107,2.988512
108,2.746968
109,2.537860
110,2.555732
111,2.554866
112,2.910300
113,2.753597
114,2.742864
115,2.563650
116,2.475292
117,2.801679
118,2.651622
119,2.854827
120,2.640063
121,2.787812
122,2.779995
123,2.640484
124,2.439572
125,2.440968
126,2.684263
127,2.790409
128,2.757611
129,3.497159
130,2.327213
131,2.677515
132,2.501218
133,2.764233
134,2.821016
135,3.027058
136,2.683784
137,2.589430
138,2.761975
139,2.664384
140,2.702494
141,2.623738
142,3.206021
143,2.575847
144,2.779998
145,2.738821
146,2.479821
147,2.761009
148,2.582214
149,2.876469
150,2.582931
151,2.495680
152,2.539527
153,2.739813
154,2.715018
155,2.779995
156,2.713864
157,2.444191
158,2.488917
159,2.698166
160,2.762825
161,2.281474
162,2.752194
163,2.733950
164,2.697928
165,2.458094
166,2.767254
167,2.736813
168,2.430618
169,2.712822
170,2.795920
171,2.516829
172,2.258739
173,2.604976
174,2.666352
175,2.661945
176,2.609276
177,2.563658
178,2.850926
179,2.710291
180,2.403124
181,2.600728
182,2.842280
183,2.738539
184,2.650995
185,2.645979
186,2.448064
187,2.493468
188,2.378145
189,2.619788
190,2.558603
191,2.494675
192,2.845917
193,2.670118
194,2.692300
195,2.699827
196,3.214849
197,2.854737
198,2.614504
199,2.654597
200,2.769864
201,2.657956
202,2.616008
203,2.735469
204,2.546020
205,2.727034
206,2.540680
207,2.649795
208,2.852514
209,2.728388
210,2.313213
211,2.759490
212,2.612778
213,2.460203
214,2.746069
215,2.333689
216,2.604548
217,2.834444
218,2.710524
219,2.735842
220,2.725868
221,2.820254
222,2.655840
223,2.725511
224,2.687176
225,2.620676
226,2.606939
227,2.734664
228,2.721621
229,2.596987
230,2.725421
231,2.618864
232,3.069691
233,2.705402
234,2.747641
235,2.730833
236,2.656476
237,2.570916
238,2.593975
239,2.747879
240,2.615558
241,2.742340
242,2.847710
243,2.587842
244,2.589363
245,2.708093
246,2.524353
247,2.349888
248,2.496600
249,2.868977
250,2.432337
251,2.758430
252,2.589499
253,2.734801
254,2.532257
255,2.467518
256,2.692415
257,2.753016
258,2.526471
259,2.543048
260,2.742262
261,2.479429
262,2.685403
263,2.563647
264,2.524420
265,2.704314
266,3.064910
267,2.751737
268,2.851935
269,2.515014
270,2.735769
271,2.647444
272,2.525140
273,2.529495
274,2.697835
275,2.934565
276,2.658401
277,2.592313
278,2.356278
279,3.137492
280,2.769080
281,2.632410
282,2.581415
283,2.717804
284,2.524996
285,3.193400
286,2.737319
287,2.876487
288,2.451040
289,2.226321
290,2.962998
291,2.607869
292,2.502742
293,2.738229
294,2.710176
295,2.706791
296,2.547646
297,2.632485
298,2.820469
299,2.598609
300,2.795522
301,2.788750
302,2.962434
303,2.897594
304,2.619730
305,2.734571
306,2.491964
307,2.803125
308,2.709474
309,3.083980
310,2.647402
311,2.563539
312,2.724648
313,2.537036
314,2.781808
315,2.766123
316,2.586429
317,2.702853
318,2.705820
319,2.705073
320,2.897969
321,2.442699
322,2.749213
323,2.676327
324,2.697605
325,2.505690
326,2.337669
327,2.428345
328,2.754753
329,2.672067
330,2.959519
331,2.584819
332,2.835737
333,2.769198
334,2.750643
335,2.680741
336,2.688297
337,2.491147
338,2.569606
339,2.572159
340,2.714760
341,3.117858
342,2.735952
343,2.450754
344,2.696966
345,2.732963
346,2.762347
347,2.639033
348,2.502685
349,2.488572
350,2.227310
351,2.542460
352,2.489834
353,2.655430
354,3.051684
355,2.538169
356,2.753260
357,2.499905
358,2.575361
359,2.580230
360,2.498540
361,2.567572
362,2.539427
363,2.659599
364,2.518209
365,2.641891
366,2.663369
367,2.763101
368,2.578701
369,2.328156
370,2.752734
371,2.753779
372,2.715534
373,2.742165
374,2.849086
375,2.890631
376,2.627633
377,2.680671
378,2.696797
379,2.636179
380,2.429355
381,2.538343
382,2.398431
383,2.760973
384,2.758826
385,2.554002
386,2.567163
387,2.466841
388,2.995434
389,2.680095
390,2.679516
391,2.339730
392,2.784096
393,2.928469
394,2.431720
395,2.670358
396,2.697770
397,2.262602
398,2.389339
399,2.821045
400,2.732348
401,2.226102
402,2.488693
403,2.619299
404,2.731276
405,2.668217
406,2.578122
407,2.661382
408,2.632631
409,2.571526
410,2.583382
411,2.557465
412,2.678758
413,2.917815
414,2.889558
415,2.319120
416,2.531243
417,2.514317
418,2.735204
419,2.734735
420,2.730712
421,2.884388
422,2.692773
423,2.607843
424,2.795060
425,2.702389
426,2.651155
427,2.879076
428,2.532446
429,2.403855
430,2.620714
431,2.225360
432,2.564549
433,2.787319
434,2.675622
435,2.697405
436,2.747270
437,2.740644
438,2.592236
439,2.708391
440,2.497570
441,2.546924
442,3.317486
443,2.574139
444,2.307464
445,2.750932
446,2.512024
447,2.755206
448,2.899834
449,2.725596
450,2.599687
451,2.787489
452,2.629499
453,2.745349
454,2.399371
455,2.809946
456,2.347016
457,2.652065
458,2.812815
459,2.749587
460,2.238371
461,2.763665
462,2.763411
463,2.506149
464,2.737313
465,2.702158
466,2.924881
467,2.499184
468,2.745606
469,2.839969
470,2.782889
471,2.495392
472,2.469670
473,2.543246
474,2.715860
475,2.591966
476,2.673449
477,2.670562
478,2.800607
479,2.710353
480,2.807430
481,2.915506
482,2.738044
483,2.678908
484,2.652158
485,2.516575
486,2.782119
487,2.532843
488,2.909503
489,2.772994
490,2.622793
491,2.592718
492,2.928938
493,2.729167
494,2.929643
495,2.492959
496,2.749971
497,2.543930
498,2.988829
499,2.980441
500,2.543203
501,2.618042
502,2.749628
503,2.567037
504,2.411096
505,2.757521
506,2.395459
507,2.776102
508,2.682847
509,2.520649
510,3.177148
511,2.695043
512,2.375173
513,2.615472
514,2.677210
515,2.452260
516,2.388461
517,2.523992
518,2.634334
519,3.222459
520,2.477267
521,2.546937
522,2.645177
523,2.713610
524,2.469736
525,2.862546
526,2.722000
527,2.686502
528,2.479817
529,2.766149
530,2.528239
531,2.628596
532,2.653324
533,2.759194
534,2.743015
535,2.420105
536,2.710207
537,2.939987
538,2.386627
539,2.724827
540,2.675349
541,2.755161
542,2.700714
543,2.665768
544,2.606549
545,2.509192
546,2.707898
547,2.868109
548,2.590567
549,2.746495
550,2.718629
551,2.625518
552,2.755318
553,2.862733
554,2.472854
555,2.501982
556,2.850194
557,2.791655
558,2.695321
559,2.469316
560,2.712571
561,2.746922
562,2.471662
563,2.536834
564,2.896186
565,2.697535
566,2.668087
567,2.943446
568,2.781340
569,2.883458
570,2.464653
571,2.575049
572,2.962763
573,2.645936
574,2.803150
575,2.381881
576,2.666559
577,2.516585
578,2.738133
579,2.496176
580,2.750781
581,2.284856
582,2.654363
583,2.652294
584,2.336748
585,3.109319
586,2.754094
587,2.689955
588,2.429896
589,2.991911
590,2.585192
591,2.699102
592,2.362798
593,2.733665
594,2.495094
595,2.489353
596,2.725259
597,2.803440
598,2.675207
599,2.308930
600,2.714165
601,2.506447
602,2.849957
603,2.484350
604,2.739658
605,2.864536
606,3.001206
607,3.172481
608,2.994761
609,2.713362
610,2.746732
611,2.566327
612,2.261684
613,2.623541
614,2.837254
615,2.918325
616,2.631239
617,2.773993
618,2.341313
619,2.580210
620,2.843528
621,2.575707
622,2.470026
623,2.291238
624,2.674953
625,2.729277
626,2.940533
627,2.467949
628,2.657986
629,2.519032
630,2.685481
631,2.509809
632,2.771423
633,2.863812
634,2.876420
635,2.434004
636,2.471020
637,2.406910
638,2.439341
639,2.523211
640,2.479686
641,2.722896
642,2.465572
643,2.647353
644,2.509258
645,2.745517
646,2.445616
647,2.792501
648,2.728380
649,2.614765
650,2.509521
651,2.368031
652,2.662838
653,2.918698
654,2.696387
655,2.605060
656,2.916027
657,2.389360
658,2.441094
659,2.524350
660,2.670632
661,2.664646
662,2.801678
663,2.210495
664,2.649787
665,2.739503
666,2.719837
667,2.508628
668,2.435790
669,2.581496
670,2.662624
671,2.762724
672,2.504334
673,2.761042
674,2.720674
675,2.471900
676,2.701696
677,2.792851
678,2.554749
679,2.718516
680,2.696959
681,2.630233
682,2.654913
683,2.805613
684,2.706376
685,2.586220
686,2.437436
687,2.839532
688,2.654509
689,2.502111
690,2.994440
691,2.609591
692,2.620817
693,2.415513
694,2.218489
695,2.721083
696,2.710942
697,2.741788
698,2.498282
699,2.694330
700,2.766115
701,2.638854
702,2.697173
703,2.415910
704,2.883999
705,2.443766
706,2.705757
707,2.746829
708,2.603814
709,2.741724
710,2.443632
711,2.557915
712,2.787593
713,2.398452
714,2.402730
715,2.751279
716,2.312800
717,2.907244
718,2.579815
719,2.728141
720,2.571140
721,2.518596
722,2.441608
723,2.752776
724,2.709140
725,2.697288
726,2.620838
727,2.690759
728,2.462575
729,3.289995
730,2.583517
731,2.753685
732,2.651940
733,2.518708
734,2.628167
735,2.301379
736,2.523601
737,2.698466
738,2.484405
739,2.368593
740,2.945639
741,2.788545
742,2.662581
743,2.603072
744,2.405756
745,2.510120
746,2.605912
747,2.469934
748,2.350452
749,2.340603
750,2.423059
751,2.538456
752,2.735649
753,2.636927
754,2.576487
755,2.438846
756,2.655072
757,2.869183
758,2.632844
759,2.624119
760,2.418054
761,2.669787
762,2.919315
763,2.686006
764,2.397068
765,2.747485
766,2.427604
767,2.264631
768,2.768016
769,2.675758
770,2.470014
771,2.557213
772,2.407327
773,2.706802
774,2.462951
775,3.087118
776,2.700966
777,2.459698
778,2.422567
779,2.689850
780,2.317631
781,2.475614
782,2.713137
783,2.500387
784,2.638420
785,2.541495
786,2.402150
787,2.861332
788,2.534934
789,2.789089
790,2.736159
791,2.596014
792,2.801899
793,2.426921
794,2.508920
795,2.479900
796,2.770880
797,2.703190
798,2.403044
799,2.569985
800,2.736872
801,2.425253
802,2.740458
803,3.041857
804,2.978861
805,2.446584
806,2.627656
807,2.413119
808,2.566585
809,2.477895
810,2.370028
811,2.634107
812,3.137891
813,2.539971
814,2.311754
815,2.680700
816,2.435190
817,2.588731
818,2.683551
819,2.700484
820,2.498774
821,2.722081
822,2.616754
823,2.584836
824,2.387616
825,2.454690
826,2.384296
827,2.644141
828,2.675779
829,2.746359
830,2.575950
831,2.613217
832,2.350994
833,2.601775
834,2.689680
835,2.770241
836,2.456169
837,2.486208
838,2.774801
839,2.371215
840,2.407460
841,2.756765
842,2.825092
843,2.869294
844,2.809631
845,2.725051
846,2.423545
847,2.720840
848,2.649100
849,2.684429
850,2.497230
851,2.405624
852,2.501621
853,2.306380
854,2.625103
855,2.779817
856,2.645004
857,2.593270
858,2.594755
859,2.781724
860,2.321122
861,2.786615
862,2.682156
863,2.404680
864,2.672660
865,2.731996
866,3.060760
867,2.747108
868,2.699978
869,2.410149
870,2.976444
871,2.862281
872,2.529772
873,2.890612
874,2.536649
875,2.329783
876,2.693132
877,2.713819
878,2.589310
879,2.414917
880,2.370921
881,2.366627
882,2.721872
883,2.578326
884,2.751907
885,2.395902
886,2.715616
887,2.934211
888,2.481906
889,2.633426
890,2.771452
891,2.760574
892,2.626762
893,2.611337
894,2.497030
895,2.590248
896,2.859447
897,2.652586
898,2.885859
899,2.603613
900,2.431609
901,3.048451
902,2.502842
903,2.817254
904,2.622181
905,2.686336
906,2.558198
907,2.549491
908,2.611626
909,2.519777
910,2.129462
911,2.452015
912,2.458609
913,2.580106
914,2.401426
915,2.506491
916,2.552507
917,2.728735
918,2.599995
919,2.758314
920,2.487891
921,2.556144
922,2.859471
923,2.661072
924,2.720397
925,2.625410
926,2.708724
927,2.601750
928,2.302569
929,2.496733
930,2.639439
931,2.460829
932,2.460950
933,2.520862
934,2.731052
935,2.837628
936,2.635313
937,2.623972
938,2.564538
939,2.377322
940,2.558926
941,2.351539
942,2.369190
943,2.740623
944,2.798459
945,2.871237
946,2.411289
947,2.583984
948,2.463757
949,2.505865
950,2.505336
951,2.882802
952,2.515692
953,2.790257
954,2.519687
955,2.542214
956,2.668571
957,2.418881
958,2.339845
959,2.523431
960,2.629668
961,2.488029
962,2.127582
963,2.617305
964,2.730349
965,2.931396
966,2.567626
967,2.712729
968,2.482159
969,2.293217
970,2.463563
971,2.697389
972,2.455920
973,2.831444
974,2.729560
975,2.311150
976,2.509167
977,2.504465
978,2.384412
979,2.259406
980,2.514607
981,2.982980
982,2.488390
983,2.375392
984,2.570971
985,2.728173
986,2.737699
987,2.631996
988,2.933294
989,2.452996
990,2.345929
991,2.637170
992,2.821338
993,2.567742
994,2.326898
995,2.966391
996,2.740987
997,2.959635
998,2.729215
999,2.812333
1000,2.735906
1001,2.506868
1002,2.481078
1003,2.431834
1004,2.410064
1005,2.354616
1006,2.627800
1007,2.518233
1008,2.649240
1009,2.679291
1010,2.515017
1011,2.433544
1012,2.687882
1013,2.649288
1014,2.492104
1015,2.440836
1016,2.828616
1017,2.608974
1018,2.778258
1019,2.357036
1020,2.928550
1021,2.611604
1022,2.885476
1023,2.613173
1024,2.393721
1025,2.566893
1026,2.643750
1027,2.794895
1028,2.599463
1029,2.821065
1030,2.638036
1031,2.713913
1032,2.469317
1033,2.740650
1034,2.790603
1035,2.653373
1036,2.538635
1037,2.760754
1038,2.534634
1039,2.576274
1040,2.722057
1041,2.899346
1042,2.390442
1043,2.713949
1044,2.160798
1045,2.408559
1046,2.383663
1047,2.625600
1048,2.674435
1049,2.465352
1050,2.579915
1051,2.635387
1052,2.291488
1053,2.612991
1054,2.679179
1055,2.591754
1056,2.495508
1057,2.423323
1058,2.300633
1059,2.573486
1060,2.293115
1061,2.613313
1062,2.333122
1063,2.363916
1064,2.675777
1065,2.684387
1066,2.661738
1067,2.509126
1068,2.392107
1069,2.612270
1070,2.444502
1071,2.652830
1072,2.533988
1073,2.678473
1074,2.499711
1075,2.511008
1076,2.338153
1077,2.571150
1078,2.513156
1079,2.660455
1080,2.696736
1081,2.482460
1082,2.689090
1083,2.711923
1084,2.565452
1085,2.643523
1086,2.798159
1087,2.522678
1088,2.363714
1089,2.604237
1090,2.429612
1091,2.391361
1092,2.323332
1093,2.760398
1094,2.433472
1095,2.900550
1096,2.782229
1097,2.336525
1098,2.262015
1099,2.337581
1100,2.555431
1101,2.801030
1102,2.646456
1103,2.680246
1104,2.678581
1105,2.260940
1106,2.510357
1107,2.615370
1108,2.570263
1109,2.429528
1110,2.746887
1111,2.475010
1112,2.665504
1113,2.469544
1114,2.521812
1115,2.492773
1116,2.482893
1117,2.713867
1118,2.606261
1119,2.720939
1120,2.534614
1121,2.338027
1122,2.624572
1123,2.685123
1124,2.469137
1125,2.446039
1126,2.500171
1127,2.618536
1128,2.724172
1129,2.586501
1130,3.010809
1131,2.590631
1132,2.280519
1133,2.392996
1134,2.430516
1135,2.523600
1136,2.556245
1137,2.525692
1138,2.704444
1139,2.567128
1140,2.550377
1141,2.580460
1142,2.728846
1143,2.432498
1144,2.733811
1145,2.395595
1146,2.529145
1147,2.590798
1148,2.505450
1149,2.446177
1150,2.660843
1151,2.646927
1152,2.921134
1153,2.786045
1154,2.361169
1155,2.851107
1156,2.318920
1157,2.156513
1158,2.748253
1159,2.547556
1160,2.490200
1161,2.668700
1162,2.441470
1163,2.450802
1164,2.602562
1165,2.695482
1166,2.514068
1167,2.685351
1168,2.357304
1169,2.708646
1170,2.415790
1171,2.416070
1172,2.435803
1173,2.713903
1174,2.420121
1175,2.450654
1176,2.556831
1177,2.504150
1178,2.398392
1179,2.530089
1180,2.507475
1181,2.511876
1182,2.908638
1183,2.708781
1184,2.400880
1185,2.856487
1186,2.537103
1187,2.675598
1188,2.643651
1189,2.580626
1190,2.645200
1191,2.393182
1192,2.571657
1193,2.359512
1194,2.569307
1195,2.253932
1196,2.655210
1197,2.508235
1198,2.232061
1199,2.363320
1200,2.354476
1201,2.382196
1202,2.670268
1203,2.681362
1204,2.458721
1205,3.064414
1206,2.735706
1207,2.650795
1208,2.635324
1209,2.455779
1210,2.391198
1211,2.555907
1212,2.527315
1213,2.566683
1214,2.527334
1215,2.294888
1216,2.337963
1217,2.960381
1218,2.710891
1219,2.627977
1220,2.547076
1221,2.344791
1222,2.594093
1223,2.519163
1224,2.683760
1225,2.702920
1226,2.691886
1227,2.623203
1228,2.429176
1229,2.710788
1230,2.574063
1231,2.412990
1232,2.585945
1233,2.606768
1234,2.645458
1235,2.378663
1236,2.486423
1237,2.940264
1238,2.608433
1239,2.269003
1240,2.644207
1241,2.479850
1242,2.433387
1243,2.471922
1244,2.608309
1245,2.718023
1246,2.542057
1247,2.654280
1248,2.699717
1249,2.512835
1250,2.868307
1251,2.311411
1252,2.798192
1253,2.699301
1254,2.252623
1255,2.439166
1256,2.254816
1257,2.677696
1258,2.652450
1259,2.493078
1260,2.321665
1261,2.716985
1262,2.518862
1263,2.471271
1264,2.517800
1265,2.538174
1266,2.262703
1267,2.617129
1268,2.607038
1269,2.695807
1270,2.372206
1271,2.308426
1272,2.558902
1273,2.204891
1274,2.718165
1275,2.638331
1276,2.672725
1277,2.541009
1278,2.570068
1279,2.283113
1280,2.425063
1281,2.433837
1282,2.460409
1283,2.810064
1284,2.571470
1285,2.552975
1286,2.686841
1287,2.534283
1288,2.662698
1289,2.324489
1290,2.655354
1291,2.696167
1292,2.397463
1293,2.558495
1294,2.407552
1295,2.639356
1296,2.569976
1297,2.314271
1298,2.447949
1299,2.353392
1300,2.544182
1301,2.586390
1302,2.283573
1303,2.615117
1304,2.500269
1305,2.440603
1306,2.226551
1307,2.592255
1308,2.708006
1309,2.316629
1310,2.608100
1311,2.892854
1312,2.344746
1313,2.513035
1314,2.626534
1315,2.511204
1316,2.494722
1317,2.630937
1318,2.659648
1319,2.806870
1320,2.444335
1321,2.168914
1322,2.444732
1323,2.497380
1324,2.474804
1325,2.345003
1326,2.353708
1327,2.504920
1328,2.663293
1329,2.372076
1330,2.357542
1331,2.432064
1332,2.303645
1333,2.151475
1334,2.465758
1335,2.655853
1336,2.290648
1337,2.233159
1338,2.177935
1339,2.518501
1340,2.553208
1341,2.471479
1342,2.369615
1343,2.610859
1344,2.262164
1345,2.205172
1346,2.664716
1347,2.544486
1348,2.531875
1349,2.716317
1350,2.265536
1351,2.451704
1352,2.337405
1353,2.561295
1354,2.513761
1355,2.461599
1356,2.805516
1357,2.378166
1358,2.650520
1359,2.545899
1360,2.361154
1361,2.437178
1362,2.349181
1363,2.317327
1364,2.332225
1365,2.404515
1366,2.395430
1367,2.449687
1368,2.236393
1369,2.218526
1370,2.634863
1371,2.488327
1372,2.420622
1373,2.431802
1374,2.533440
1375,2.272972
1376,2.319859
1377,2.761427
1378,2.347151
1379,2.261256
1380,2.441320
1381,2.580278
1382,2.483580
1383,2.587920
1384,2.310201
1385,2.322278
1386,2.206854
1387,2.557117
1388,2.600621
1389,2.462024
1390,2.277810
1391,2.401562
1392,2.333892
1393,2.310333
1394,2.397867
1395,2.738391
1396,2.404488
1397,2.400568
1398,2.455956
1399,2.304832
1400,2.281340
1401,2.550398
1402,2.388804
1403,2.359398
1404,2.512109
1405,2.621855
1406,2.384489
1407,2.466124
1408,1.985280
1409,2.416655
1410,2.337102
1411,2.381388
1412,2.399145
1413,2.536565
1414,2.630809
1415,2.693609
1416,2.227917
1417,2.504237
1418,2.373411
1419,2.692347
1420,2.282403
1421,2.835784
1422,2.554025
1423,2.824954
1424,2.861284
1425,2.744930
1426,2.434795
1427,2.526354
1428,2.452993
1429,2.675438
1430,2.492088
1431,2.723578
1432,2.391943
1433,2.610151
1434,2.446064
1435,2.529389
1436,2.174636
1437,2.621387
1438,2.310664
1439,2.525351
1440,2.464703
1441,2.419298
1442,2.570925
1443,2.514855
1444,2.299535
1445,2.481570
1446,2.573589
1447,2.301465
1448,2.251035
1449,2.618243
1450,2.176275
1451,2.533712
1452,2.445930
1453,2.559927
1454,2.412271
1455,2.867901
1456,2.587323
1457,2.191650
1458,2.921795
1459,2.292323
1460,2.719748
1461,2.348333
1462,2.177831
1463,2.343058
1464,1.973299
1465,2.298680
1466,2.283659
1467,2.209934
1468,2.309110
1469,2.769756
1470,2.624696
1471,2.482634
1472,2.267105
1473,2.331254
1474,2.282561
1475,2.578087
1476,2.334263
1477,2.644883
1478,2.327792
1479,1.975612
1480,2.594410
1481,2.341475
1482,2.468077
1483,2.429974
1484,2.589525
1485,2.396914
1486,2.308355
1487,2.295479
1488,2.465709
1489,2.499637
1490,2.285718
1491,2.484708
1492,2.954485
1493,2.499119
1494,2.959376
1495,2.374831
1496,2.577373
1497,2.301255
1498,2.679168
1499,2.661424
1500,2.281611
1501,2.452283
1502,2.734413
1503,2.440005
1504,2.353502
1505,2.510655
1506,2.429749
1507,2.704774
1508,2.218608
1509,2.476857
1510,2.487016
1511,2.483114
1512,2.371923
1513,2.258001
1514,2.701931
1515,2.447904
1516,2.580050
1517,2.358917
1518,2.449979
1519,2.367964
1520,2.495224
1521,2.333087
1522,2.517671
1523,2.329499
1524,2.197510
1525,2.234885
1526,2.513391
1527,2.270208
1528,2.287914
1529,2.341446
1530,2.387310
1531,2.427722
1532,2.353078
1533,2.391041
1534,2.304615
1535,2.653872
1536,2.259478
1537,2.266932
1538,2.681975
1539,2.341483
1540,2.263340
1541,2.203375
1542,2.272706
1543,2.418176
1544,2.502791
1545,2.200786
1546,2.646125
1547,2.422261
1548,2.374886
1549,2.345810
1550,2.194575
1551,2.516768
1552,2.532248
1553,2.429702
1554,2.284822
1555,2.043390
1556,2.280336
1557,2.155905
1558,2.429098
1559,2.248743
1560,2.100651
1561,2.588175
1562,2.211884
1563,2.333951
1564,2.670434
1565,2.213466
1566,2.166377
1567,2.449566
1568,2.347421
1569,2.466183
1570,2.450762
1571,2.394049
1572,2.500379
1573,2.481043
1574,2.379112
1575,2.413356
1576,2.360600
1577,2.612243
1578,2.279818
1579,2.406331
1580,2.437252
1581,2.337511
1582,2.267514
1583,2.332755
1584,2.214862
1585,2.175788
1586,2.237189
1587,2.422490
1588,2.311762
1589,2.276777
1590,2.125340
1591,2.592952
1592,2.301209
1593,2.204377
1594,2.239530
1595,2.229782
1596,2.472555
1597,2.156310
1598,2.369220
1599,2.455088
1600,2.015518
1601,2.407518
1602,2.162446
1603,2.351400
1604,2.403626
1605,2.266681
1606,2.336383
1607,2.379620
1608,2.417811
1609,1.885622
1610,2.511715
1611,2.178083
1612,2.205798
1613,2.307109
1614,2.123126
1615,2.057152
1616,2.477660
1617,2.682942
1618,2.273112
1619,2.299351
1620,2.538893
1621,2.561542
1622,2.372421
1623,2.121900
1624,2.452861
1625,2.254918
1626,2.243223
1627,2.333494
1628,2.547140
1629,2.338101
1630,2.416340
1631,2.295827
1632,2.420015
1633,2.416432
1634,2.467112
1635,2.533766
1636,2.516283
1637,2.187295
1638,2.316920
1639,2.332571
1640,2.264380
1641,2.383003
1642,2.483798
1643,2.268724
1644,2.289537
1645,2.228003
1646,2.030044
1647,2.279551
1648,2.421474
1649,2.472824
1650,2.518646
1651,2.330852
1652,2.278598
1653,2.595969
1654,2.219682
1655,1.980416
1656,2.295280
1657,2.149119
1658,2.404633
1659,2.255829
1660,2.574312
1661,2.394923
1662,2.323265
1663,2.427606
1664,2.262641
1665,2.182968
1666,2.270892
1667,2.133524
1668,2.460161
1669,2.775162
1670,2.235385
1671,2.387200
1672,2.827471
1673,2.375047
1674,2.095446
1675,2.316691
1676,2.225533
1677,2.314138
1678,2.182681
1679,3.082109
1680,2.108952
1681,2.501447
1682,2.214419
1683,2.378024
1684,2.159104
1685,2.350070
1686,2.361757
1687,2.086220
1688,2.191125
1689,2.112629
1690,2.042290
1691,1.981322
1692,2.537117
1693,2.621358
1694,1.896393
1695,2.559597
1696,2.246515
1697,2.397272
1698,2.333812
1699,2.216050
1700,2.563600
1701,2.260375
1702,2.496026
1703,2.343593
1704,2.461155
1705,2.350615
1706,2.016393
1707,2.447148
1708,2.284996
1709,2.153419
1710,2.295847
1711,2.431459
1712,2.439366
1713,2.114446
1714,2.337570
1715,2.375352
1716,2.395486
1717,2.202730
1718,2.168727
1719,2.053390
1720,2.147952
1721,2.287979
1722,2.436446
1723,1.909643
1724,2.185091
1725,2.151128
1726,2.355372
1727,2.375775
1728,2.014268
1729,2.536205
1730,2.347806
1731,2.199259
1732,2.482905
1733,2.016333
1734,2.412920
1735,2.200739
1736,2.203349
1737,2.219265
1738,2.401621
1739,2.295096
1740,2.310935
1741,2.655468
1742,2.213443
1743,2.339434
1744,2.349117
1745,2.307245
1746,2.123092
1747,2.285323
1748,2.284690
1749,2.288784
1750,2.089620
1751,2.628766
1752,2.207902
1753,2.262403
1754,2.299176
1755,2.460104
1756,2.136386
1757,2.394665
1758,1.865227
1759,2.310784
1760,1.983276
1761,2.117631
1762,2.320980
1763,2.162592
1764,2.465863
1765,2.309237
1766,2.061070
1767,2.404202
1768,1.913890
1769,2.398357
1770,2.284032
1771,2.421640
1772,2.361006
1773,2.225010
1774,2.339209
1775,2.202472
1776,2.128307
1777,2.300137
1778,2.167701
1779,2.289443
1780,2.268304
1781,2.170252
1782,2.288836
1783,2.190668
1784,2.338964
1785,2.161345
1786,2.235823
1787,2.462072
1788,2.416135
1789,2.091091
1790,2.170187
1791,1.930106
1792,1.986191
1793,2.079850
1794,2.121871
1795,2.242282
1796,2.357794
1797,2.404005
1798,2.466460
1799,2.096449
1800,1.964677
1801,1.866041
1802,2.454371
1803,1.939700
1804,2.062868
1805,2.082597
1806,1.921146
1807,1.934413
1808,2.053542
1809,2.273612
1810,2.051994
1811,2.301439
1812,2.244047
1813,1.986662
1814,2.402090
1815,2.187353
1816,2.129916
1817,2.263959
1818,2.000425
1819,2.539802
1820,2.546557
1821,1.870867
1822,1.948350
1823,2.268312
1824,2.031248
1825,2.278817
1826,2.059132
1827,2.196992
1828,2.190324
1829,2.089160
1830,2.280275
1831,2.391694
1832,2.269311
1833,2.199681
1834,2.105291
1835,2.398251
1836,2.353194
1837,2.395784
1838,1.968121
1839,2.301754
1840,1.873477
1841,2.582388
1842,1.886794
1843,2.013987
1844,1.954136
1845,2.681609
1846,1.832714
1847,1.942066
1848,2.291607
1849,2.144445
1850,2.241817
1851,2.425483
1852,2.080659
1853,2.271114
1854,2.007918
1855,2.090281
1856,2.215357
1857,2.685881
1858,2.200698
1859,2.060048
1860,2.030755
1861,1.903998
1862,2.051451
1863,2.016609
1864,2.159117
1865,2.145463
1866,2.316210
1867,2.179898
1868,2.261387
1869,1.857009
1870,2.184285
1871,2.101830
1872,2.108105
1873,2.263699
1874,1.923193
1875,1.917303
1876,2.043495
1877,2.320032
1878,2.135109
1879,1.992512
1880,2.369032
1881,1.969923
1882,2.068720
1883,2.460810
1884,2.028025
1885,1.938092
1886,1.871648
1887,2.125174
1888,2.418287
1889,2.382338
1890,2.201828
1891,2.323874
1892,1.960036
1893,1.968256
1894,2.276712
1895,1.965598
1896,2.489098
1897,2.476856
1898,2.399141
1899,1.952496
1900,2.143726
1901,2.341507
1902,2.248860
1903,2.167750
1904,2.296333
1905,2.283088
1906,2.050404
1907,2.199704
1908,1.979270
1909,1.938969
1910,2.179105
1911,2.421888
1912,2.074229
1913,1.917482
1914,2.087911
1915,2.137765
1916,2.059406
1917,2.157749
1918,1.874558
1919,2.091229
1920,2.113785
1921,2.398096
1922,1.823506
1923,2.063770
1924,2.024319
1925,2.230648
1926,2.418120
1927,2.158520
1928,2.082614
1929,2.120951
1930,2.043015
1931,2.101905
1932,1.805224
1933,1.838236
1934,2.076600
1935,2.237262
1936,2.288602
1937,2.232224
1938,2.180431
1939,1.836904
1940,2.253767
1941,2.186615
1942,2.325795
1943,1.938026
1944,2.244859
1945,1.831248
1946,2.127831
1947,2.303898
1948,1.853259
1949,2.003596
1950,2.199143
1951,2.192151
1952,1.933882
1953,2.140096
1954,2.191322
1955,1.913442
1956,2.128143
1957,2.136119
1958,2.061232
1959,2.106776
1960,2.840742
1961,2.043418
1962,2.166997
1963,2.030860
1964,1.991752
1965,2.397940
1966,2.228651
1967,2.147236
1968,2.017649
1969,2.005803
1970,2.215646
1971,2.068886
1972,2.208486
1973,2.129170
1974,2.081728
1975,2.246331
1976,2.051527
1977,2.090248
1978,2.310640
1979,1.773572
1980,2.432171
1981,1.733051
1982,2.134869
1983,2.192552
1984,1.823752
1985,2.042074
1986,1.907129
1987,2.322688
1988,2.031156
1989,2.005643
1990,2.101221
1991,2.248959
1992,2.224115
1993,1.978624
1994,1.834096
1995,1.875071
1996,2.086373
1997,2.402576
1998,1.853481
1999,2.496890
2000,2.141358
2001,1.874943
2002,2.216024
2003,2.162207
2004,2.145633
2005,1.990301
2006,2.062392
2007,1.905773
2008,2.219688
2009,1.926001
2010,1.812638
2011,2.145099
2012,1.955500
2013,2.042758
2014,1.853337
2015,1.986939
2016,2.058059
2017,2.173766
2018,2.011152
2019,2.242408
2020,2.026412
2021,2.062583
2022,2.387450
2023,1.855563
2024,1.837704
2025,1.831591
2026,2.086531
2027,1.993288
2028,1.913552
2029,2.115541
2030,1.977626
2031,1.969719
2032,2.096267
2033,1.864215
2034,2.179493
2035,2.327584
2036,2.027047
2037,2.508384
2038,2.098160
2039,1.853128
2040,2.032782
2041,2.252296
2042,2.025997
2043,2.159597
2044,2.074180
2045,2.238618
2046,1.932711
2047,1.930342
2048,2.060361
2049,2.196303
2050,1.902213
2051,2.047877
2052,1.782645
2053,1.925456
2054,2.048837
2055,1.824742
2056,2.111493
2057,1.891511
2058,1.869540
2059,2.078635
2060,2.098914
2061,1.877256
2062,2.698788
2063,2.398625
2064,1.874495
2065,2.322084
2066,1.837655
2067,2.147184
2068,2.050643
2069,2.152595
2070,2.238224
2071,2.228716
2072,2.537760
2073,1.763676
2074,1.923855
2075,2.066739
2076,2.355773
2077,2.329097
2078,2.385037
2079,2.032332
2080,1.748479
2081,1.929420
2082,2.045517
2083,1.935438
2084,2.148265
2085,2.077306
2086,2.435589
2087,1.899136
2088,1.894703
2089,2.018851
2090,1.961717
2091,1.831732
2092,2.216352
2093,1.825282
2094,2.037089
2095,2.078306
2096,2.129915
2097,2.316519
2098,1.888492
2099,1.936625
2100,2.006083
2101,1.900488
2102,2.065131
2103,2.010872
2104,2.132171
2105,2.111829
2106,1.823753
2107,1.955282
2108,2.125356
2109,2.295130
2110,2.009297
2111,2.245797
2112,2.272636
2113,1.823814
2114,2.230192
2115,1.948209
2116,1.989225
2117,2.049479
2118,2.071138
2119,1.970689
2120,2.221328
2121,1.951030
2122,1.901939
2123,2.529452
2124,2.019441
2125,2.140253
2126,1.973062
2127,1.969377
2128,2.073007
2129,1.947419
2130,2.026505
2131,1.717036
2132,2.348356
2133,2.006462
2134,1.788586
2135,1.985913
2136,1.894192
2137,2.050035
2138,2.201972
2139,2.158112
2140,2.107039
2141,2.124115
2142,2.146050
2143,2.100772
2144,1.828888
2145,2.018003
2146,1.955054
2147,2.205924
2148,2.204451
2149,2.297968
2150,2.462777
2151,2.362028
2152,2.108259
2153,2.578339
2154,2.571366
2155,2.471064
2156,1.876654
2157,2.035003
2158,2.290925
2159,2.219771
2160,1.818938
2161,2.061708
2162,2.104751
2163,1.883951
2164,2.048294
2165,1.896406
2166,2.184021
2167,1.947339
2168,2.088162
2169,2.108382
2170,2.101095
2171,2.131903
2172,1.947153
2173,2.410210
2174,2.033628
2175,1.913652
2176,2.362142
2177,2.285686
2178,1.858094
2179,2.216116
2180,1.984856
2181,2.249754
2182,2.145919
2183,1.872640
2184,1.989756
2185,2.037948
2186,2.185054
2187,2.220731
2188,2.135683
2189,2.282332
2190,1.946008
2191,2.224363
2192,2.018305
2193,2.370471
2194,1.951695
2195,2.154132
2196,2.207112
2197,2.225903
2198,2.335847
2199,2.784991
2200,2.032369
2201,2.223349
2202,2.108685
2203,1.878442
2204,1.955219
2205,1.839020
2206,2.114414
2207,1.902439
2208,2.124181
2209,2.228996
2210,1.871276
2211,1.836899
2212,2.071751
2213,2.403596
2214,2.234411
2215,2.057200
2216,1.945848
2217,2.008065
2218,1.925038
2219,2.445056
2220,2.201311
2221,2.344404
2222,2.205607
2223,2.296154
2224,1.812960
2225,2.019152
2226,1.948572
2227,2.115835
2228,2.079111
2229,2.095895
2230,1.969289
2231,2.080177
2232,2.032365
2233,2.567471
2234,1.990026
2235,1.935309
2236,2.095821
2237,2.141390
2238,2.193333
2239,2.347700
2240,1.912327
2241,1.916024
2242,2.436273
2243,2.300817
2244,2.332787
2245,1.873745
2246,1.833663
2247,2.034696
2248,2.469535
2249,2.017622
2250,1.810962
2251,2.043573
2252,2.022817
2253,2.075522
2254,1.945593
2255,2.100295
2256,2.176344
2257,1.997127
2258,1.934041
2259,2.028176
2260,1.920163
2261,1.816430
2262,2.290915
2263,1.764537
2264,1.864774
2265,2.197574
2266,2.061125
2267,2.070320
2268,2.181098
2269,2.021204
2270,2.012237
2271,2.517593
2272,1.735615
2273,2.205822
2274,2.526761
2275,2.262076
2276,2.134582
2277,1.915461
2278,1.864075
2279,1.781893
2280,2.112524
2281,1.947962
2282,1.915897
2283,1.889616
2284,2.147055
2285,2.109915
2286,2.069803
2287,1.970022
2288,1.882452
2289,2.464642
2290,2.166948
2291,2.158139
2292,1.876895
2293,1.860530
2294,1.926695
2295,2.050312
2296,1.963714
2297,2.055140
2298,1.782222
2299,2.329432
2300,2.164442
2301,2.232734
2302,1.859397
2303,1.926892
2304,1.933293
2305,1.995391
2306,2.214438
2307,1.888276
2308,2.122343
2309,1.833763
2310,2.077770
2311,2.172405
2312,2.234718
2313,1.887250
2314,1.727036
2315,2.056780
2316,2.500420
2317,1.789660
2318,2.306590
2319,1.771363
2320,1.756411
2321,1.875790
2322,1.859287
2323,2.030849
2324,2.402919
2325,2.293225
2326,2.217894
2327,1.879304
2328,2.545426
2329,1.883108
2330,1.935166
2331,2.142438
2332,1.830678
2333,2.553098
2334,1.951014
2335,2.218812
2336,1.783465
2337,1.892817
2338,2.249916
2339,2.128544
2340,2.019983
2341,1.999649
2342,1.986064
2343,1.924027
2344,2.120400
2345,2.106159
2346,1.999846
2347,1.880480
2348,1.936083
2349,2.094843
2350,1.973882
2351,1.766902
2352,1.990478
2353,1.786588
2354,2.133654
2355,1.853249
2356,1.946032
2357,1.885915
2358,2.169605
2359,1.862641
2360,2.172078
2361,1.894448
2362,1.883101
2363,2.099751
2364,1.922343
2365,2.094517
2366,2.168884
2367,2.436421
2368,2.190304
2369,2.549887
2370,1.964438
2371,2.084375
2372,2.135056
2373,2.264115
2374,1.947269
2375,2.211673
2376,1.892643
2377,2.261324
2378,1.847315
2379,2.036706
2380,1.833227
2381,1.841223
2382,1.939066
2383,1.918330
2384,1.906721
2385,2.036229
2386,1.932215
2387,2.050544
2388,2.018323
2389,2.276814
2390,2.009122
2391,1.825117
2392,1.900753
2393,2.199374
2394,2.285585
2395,1.829823
2396,1.851621
2397,2.067344
2398,2.118019
2399,2.017691
2400,1.970169
2401,2.025230
2402,2.005205
2403,2.120839
2404,2.512268
2405,2.215994
2406,1.869263
2407,2.044302
2408,2.118637
2409,1.980058
2410,1.980138
2411,2.061303
2412,1.873768
2413,1.872914
2414,1.793629
2415,2.262823
2416,2.180901
2417,1.870183
2418,2.060589
2419,2.046994
2420,2.673124
2421,2.087132
2422,2.076278
2423,1.979351
2424,1.882944
2425,1.876676
2426,1.827331
2427,2.218051
2428,2.069335
2429,2.298223
2430,2.131453
2431,2.071888
2432,2.467158
2433,2.432013
2434,1.804747
2435,1.836527
2436,1.951583
2437,2.065352
2438,2.308469
2439,2.021598
2440,2.123662
2441,1.880308
2442,2.091986
2443,2.516123
2444,1.983046
2445,2.041059
2446,1.858004
2447,2.127581
2448,2.338726
2449,1.874576
2450,2.044188
2451,2.093736
2452,1.866348
2453,2.054791
2454,2.111968
2455,2.163444
2456,2.011791
2457,2.315234
2458,2.100396
2459,1.985834
2460,2.217519
2461,1.953238
2462,2.104233
2463,1.930161
2464,2.077567
2465,2.324336
2466,2.181168
2467,2.069849
2468,2.067565
2469,2.009380
2470,1.949438
2471,2.008569
2472,2.037696
2473,2.094131
2474,2.427959
2475,2.124074
2476,1.906731
2477,2.398501
2478,2.128259
2479,2.165003
2480,2.216151
2481,2.432453
2482,1.994702
2483,2.089548
2484,2.274697
2485,2.563390
2486,2.149732
2487,1.893623
2488,2.370589
2489,1.974559
2490,1.850609
2491,1.989887
2492,2.150401
2493,1.982280
2494,2.090906
2495,2.401882
2496,2.243221
2497,2.566158
2498,2.104626
2499,1.861723
2500,2.109897
2501,1.874971
2502,2.038805
2503,2.089579
2504,2.094598
2505,1.995152
2506,2.026956
2507,1.994487
2508,2.401925
2509,2.340832
2510,2.279329
2511,1.950946
2512,2.225806
2513,2.034560
2514,2.158344
2515,1.965808
2516,2.068059
2517,2.016675
2518,1.996751
2519,2.164785
2520,1.877024
2521,2.132909
2522,1.964901
2523,2.478245
2524,2.056854
2525,1.789202
2526,1.916762
2527,2.470757
2528,1.983548
2529,1.831268
2530,1.947595
2531,2.219782
2532,1.822224
2533,2.128339
2534,2.178824
2535,1.956632
2536,2.196076
2537,2.093645
2538,1.848454
2539,1.869197
2540,2.342715
2541,1.967961
2542,2.006553
2543,2.191384
2544,1.800238
2545,2.116538
2546,1.918169
2547,2.091538
2548,1.931252
2549,2.060863
2550,2.356944
2551,1.934519
2552,1.756372
2553,1.892589
2554,1.878300
2555,1.844319
2556,2.007619
2557,1.687324
2558,1.909280
2559,2.150002
2560,1.908648
2561,2.111558
2562,2.265932
2563,2.026196
2564,2.249915
2565,1.927076
2566,2.253666
2567,1.954461
2568,2.375129
2569,1.863919
2570,2.277749
2571,1.910370
2572,2.203806
2573,1.741635
2574,1.970685
2575,1.998690
2576,1.998094
2577,2.311906
2578,2.346252
2579,2.007726
2580,1.863518
2581,2.121614
2582,1.778822
2583,2.318451
2584,1.924532
2585,1.797453
2586,2.290851
2587,2.047344
2588,1.950948
2589,2.079741
2590,2.152073
2591,2.423335
2592,2.238276
2593,1.935278
2594,2.213459
2595,1.961975
2596,1.924999
2597,2.791742
2598,2.417824
2599,2.301606
2600,1.732805
2601,2.023219
2602,1.951457
2603,2.114155
2604,2.233160
2605,2.188418
2606,2.496415
2607,2.140363
2608,2.182088
2609,2.383113
2610,2.235806
2611,2.086188
2612,2.108028
2613,2.085248
2614,2.271181
2615,2.018352
2616,2.282632
2617,2.277720
2618,2.280407
2619,1.860538
2620,2.159350
2621,2.051378
2622,1.922853
2623,1.896135
2624,1.955740
2625,2.129658
2626,2.146552
2627,2.023812
2628,2.340904
2629,1.947143
2630,2.197289
2631,2.221275
2632,2.491813
2633,2.218138
2634,2.026957
2635,2.099017
2636,2.310344
2637,2.149118
2638,2.059584
2639,1.888663
2640,1.725138
2641,1.972964
2642,2.011896
2643,1.868531
2644,2.443909
2645,2.437279
2646,1.941404
2647,2.004683
2648,2.205121
2649,1.982092
2650,1.855056
2651,1.907383
2652,2.172936
2653,1.898133
2654,1.866942
2655,2.104787
2656,1.713517
2657,2.184684
2658,1.806444
2659,2.232478
2660,1.815418
2661,2.074794
2662,1.799389
2663,2.027697
2664,1.883560
2665,2.306811
2666,2.026162
2667,2.047395
2668,2.295617
2669,1.994431
2670,1.991978
2671,1.923433
2672,2.384897
2673,2.066569
2674,1.959468
2675,2.205832
2676,2.119152
2677,2.039505
2678,2.064459
2679,2.131771
2680,1.815578
2681,1.806869
2682,2.129107
2683,2.007315
2684,2.222301
2685,1.878747
2686,1.870224
2687,2.309606
2688,2.000190
2689,1.928371
2690,1.765338
2691,1.965677
2692,1.945234
2693,2.127806
2694,2.115104
2695,2.383571
2696,2.479166
2697,2.274005
2698,1.913600
2699,2.215109
2700,2.027497
2701,2.182655
2702,2.339244
2703,1.922997
2704,1.849662
2705,2.204456
2706,2.372438
2707,2.111488
2708,1.920073
2709,2.412153
2710,2.246275
2711,2.060641
2712,1.926231
2713,2.140731
2714,2.218296
2715,1.977322
2716,1.967899
2717,2.211123
2718,2.250272
2719,2.070464
2720,2.231688
2721,2.083164
2722,2.478973
2723,1.900105
2724,2.212179
2725,2.086782
2726,2.205692
2727,2.185585
2728,2.073758
2729,2.209188
2730,1.802903
2731,2.011058
2732,2.298457
2733,2.175884
2734,1.855101
2735,1.947788
2736,1.843192
2737,2.417439
2738,2.079726
2739,2.111104
2740,1.863963
2741,2.171563
2742,1.790168
2743,1.997068
2744,1.985724
2745,2.170520
2746,2.046261
2747,1.797774
2748,2.346803
2749,1.982239
2750,2.018044
2751,2.140923
2752,2.076063
2753,2.232622
2754,2.221161
2755,2.484978
2756,1.790321
2757,2.033306
2758,2.168949
2759,1.938561
2760,2.051276
2761,2.053970
2762,2.201256
2763,2.300193
2764,2.112677
2765,1.756418
2766,1.926010
2767,2.269343
2768,1.925480
2769,2.017036
2770,1.972329
2771,1.907283
2772,2.299396
2773,1.981860
2774,2.035596
2775,2.245920
2776,2.281542
2777,2.225904
2778,2.136701
2779,2.014008
2780,2.229110
2781,2.320456
2782,1.811434
2783,2.202221
2784,1.959969
2785,1.883025
2786,1.779891
2787,2.158610
2788,2.103858
2789,1.736412
2790,1.979766
2791,1.691722
2792,2.363907
2793,1.947588
2794,1.979967
2795,1.930727
2796,1.856436
2797,1.903979
2798,2.209226
2799,2.275023
2800,1.958208
2801,2.110945
2802,1.962903
2803,1.940511
2804,1.999274
2805,1.976028
2806,2.177759
2807,2.308419
2808,1.994628
2809,1.824225
2810,1.924883
2811,1.687902
2812,1.911486
2813,1.927835
2814,2.198869
2815,2.042420
2816,2.172026
2817,1.997743
2818,2.262114
2819,1.997900
2820,1.902107
2821,2.088607
2822,2.281305
2823,2.069552
2824,2.525030
2825,1.707930
2826,1.988234
2827,2.020030
2828,2.232139
2829,2.209581
2830,2.146775
2831,2.025116
2832,2.607199
2833,2.355547
2834,1.884690
2835,2.183188
2836,2.231472
2837,2.043952
2838,2.389182
2839,2.032987
2840,1.814929
2841,2.258087
2842,2.308671
2843,2.255869
2844,2.249602
2845,2.802059
2846,2.212134
2847,1.942220
2848,2.093139
2849,1.944387
2850,2.354082
2851,2.157531
2852,2.167787
2853,2.107322
2854,2.222261
2855,2.168725
2856,2.079180
2857,2.022595
2858,2.013748
2859,2.196633
2860,2.242671
2861,1.940869
2862,1.773913
2863,1.856479
2864,1.934466
2865,2.571514
2866,1.962437
2867,1.933885
2868,1.815661
2869,2.181450
2870,2.012007
2871,1.856007
2872,2.690943
2873,1.940171
2874,2.166521
2875,2.029524
2876,1.938487
2877,2.149597
2878,2.207888
2879,1.988482
2880,2.009085
2881,2.054909
2882,2.184895
2883,2.187528
2884,2.073020
2885,2.124047
2886,2.142924
2887,2.005423
2888,2.092784
2889,2.020380
2890,1.890610
2891,1.870468
2892,2.152243
2893,2.020544
2894,2.039255
2895,2.318869
2896,1.911342
2897,1.800537
2898,2.367485
2899,2.109272
2900,1.867401
2901,2.109164
2902,2.030420
2903,1.959659
2904,2.268127
2905,2.516947
2906,1.868662
2907,1.787568
2908,2.345225
2909,2.041711
2910,2.257591
2911,1.889678
2912,1.949315
2913,1.781133
2914,2.042964
2915,1.888735
2916,1.894223
2917,1.851408
2918,2.362666
2919,1.986817
2920,1.942338
2921,2.522245
2922,2.007597
2923,1.893861
2924,1.889149
2925,1.917318
2926,2.252674
2927,2.295866
2928,1.890383
2929,2.142076
2930,2.352076
2931,2.067799
2932,1.848036
2933,1.949460
2934,2.242341
2935,2.253450
2936,2.229002
2937,2.020483
2938,2.166751
2939,2.017966
2940,2.141506
2941,2.155462
2942,1.957477
2943,2.086700
2944,2.122890
2945,2.242120
2946,2.221622
2947,1.885421
2948,1.811278
2949,1.946372
2950,1.954660
2951,2.300691
2952,1.553497
2953,2.245139
2954,2.318904
2955,2.109431
2956,2.183125
2957,1.904768
2958,2.267601
2959,2.110339
2960,2.295607
2961,2.060804
2962,2.270335
2963,2.290659
2964,2.044152
2965,1.975398
2966,1.967695
2967,1.771700
2968,1.899386
2969,2.046067
2970,1.812592
2971,1.860465
2972,1.960124
2973,2.343902
2974,1.843542
2975,1.928240
2976,2.109180
2977,1.639336
2978,1.987150
2979,1.983518
2980,2.168363
2981,1.947353
2982,2.108671
2983,1.880065
2984,2.062165
2985,2.005090
2986,2.228574
2987,2.008545
2988,2.120207
2989,2.148377
2990,1.999986
2991,1.745829
2992,2.080255
2993,2.178104
2994,2.026044
2995,1.820180
2996,2.005811
2997,2.070313
2998,1.956350
2999,2.705688
3000,1.923633
3001,1.844964
3002,2.489829
3003,2.589900
3004,2.169487
3005,1.741488
3006,1.974278
3007,2.449750
3008,1.890564
3009,1.979985
3010,2.130157
3011,2.451617
3012,2.193668
3013,1.956263
3014,1.750283
3015,2.270725
3016,2.021442
3017,2.014567
3018,1.847372
3019,1.840255
3020,1.967719
3021,2.404767
3022,2.298261
3023,1.801178
3024,1.943600
3025,2.310904
3026,2.083427
3027,2.088369
3028,1.785764
3029,2.296937
3030,2.243764
3031,1.950287
3032,2.029739
3033,2.117931
3034,2.306964
3035,2.354902
3036,1.862545
3037,1.870326
3038,2.055386
3039,1.946036
3040,2.351224
3041,2.121722
3042,1.818345
3043,1.840939
3044,2.092051
3045,1.919466
3046,1.920707
3047,1.911256
3048,1.913234
3049,1.930526
3050,2.128399
3051,2.142336
3052,1.916669
3053,2.191821
3054,1.945435
3055,1.995048
3056,1.910094
3057,2.153814
3058,2.041812
3059,2.067527
3060,2.221838
3061,2.072836
3062,2.287581
3063,2.038115
3064,1.941436
3065,1.903241
3066,1.904406
3067,2.045641
3068,1.990461
3069,1.965782
3070,2.128288
3071,2.174565
3072,1.940512
3073,2.386193
3074,2.059065
3075,2.123994
3076,1.906088
3077,1.891785
3078,2.253071
3079,1.997786
3080,1.761507
3081,1.735718
3082,2.005282
3083,2.064085
3084,2.359592
3085,2.081081
3086,1.860242
3087,2.086598
3088,1.894865
3089,1.984961
3090,2.023450
3091,1.933891
3092,2.215464
3093,2.257943
3094,1.671430
3095,2.469106
3096,1.865599
3097,1.799414
3098,1.908454
3099,2.386149
3100,1.905165
3101,1.681489
3102,1.957412
3103,1.854714
3104,2.164384
3105,2.112198
3106,2.173190
3107,2.013739
3108,1.881471
3109,2.048330
3110,1.873958
3111,1.996100
3112,2.177273
3113,1.770069
3114,2.089450
3115,2.301509
3116,2.208802
3117,2.281937
3118,1.802516
3119,2.168037
3120,2.253860
3121,2.001753
3122,1.893040
3123,1.756925
3124,1.891644
3125,2.143491
3126,2.135559
3127,2.058679
3128,2.208772
3129,2.080149
3130,2.045856
3131,1.881420
3132,1.951138
3133,1.919371
3134,1.829174
3135,1.933999
3136,1.689739
3137,1.911598
3138,1.858494
3139,2.098399
3140,2.055384
3141,2.034918
3142,2.287398
3143,2.172020
3144,2.391385
3145,2.082586
3146,2.235951
3147,1.959172
3148,2.055923
3149,2.346564
3150,2.123471
3151,2.035738
3152,1.869932
3153,1.957801
3154,2.156984
3155,1.899346
3156,2.180328
3157,2.054538
3158,2.013689
3159,1.669559
3160,2.005271
3161,2.045173
3162,2.105718
3163,1.848245
3164,1.924353
3165,1.800774
3166,1.815374
3167,2.334877
3168,1.835453
3169,2.047427
3170,2.246802
3171,2.366832
3172,2.042475
3173,2.380085
3174,2.194593
3175,2.283248
3176,2.018613
3177,2.059193
3178,1.955158
3179,1.885029
3180,2.069963
3181,1.854791
3182,2.212065
3183,1.714492
3184,2.032735
3185,2.081130
3186,1.743686
3187,1.808516
3188,1.936380
3189,1.778258
3190,2.468978
3191,1.991270
3192,2.218406
3193,2.170346
3194,1.990053
3195,2.202380
3196,2.021387
3197,2.106341
3198,2.443366
3199,1.962979
3200,2.083904
3201,2.227279
3202,1.863442
3203,1.778779
3204,2.016700
3205,2.375522
3206,2.282600
3207,2.006626
3208,2.120679
3209,1.931158
3210,2.076253
3211,2.426407
3212,1.854036
3213,1.800790
3214,1.996790
3215,1.955699
3216,2.357467
3217,2.207356
3218,2.129776
3219,2.157150
3220,2.071321
3221,2.537647
3222,1.863811
3223,1.995805
3224,1.843911
3225,2.107820
3226,2.040730
3227,1.868815
3228,1.964830
3229,2.069445
3230,1.910174
3231,1.811000
3232,2.185046
3233,1.944228
3234,2.141562
3235,2.132349
3236,1.984457
3237,1.928505
3238,2.595876
3239,2.409747
3240,2.179329
3241,2.081395
3242,1.948735
3243,1.989028
3244,1.734744
3245,1.732815
3246,1.914847
3247,2.118456
3248,1.946317
3249,2.122604
3250,2.094901
3251,2.514669
3252,1.901137
3253,2.192580
3254,1.687890
3255,2.048494
3256,2.089745
3257,2.331187
3258,1.885263
3259,1.889328
3260,1.910817
3261,1.878013
3262,1.863752
3263,1.727866
3264,1.856924
3265,1.780395
3266,2.076068
3267,2.051576
3268,1.818802
3269,2.225694
3270,2.028277
3271,1.993845
3272,1.999376
3273,2.144675
3274,1.763447
3275,2.523885
3276,2.014161
3277,2.324645
3278,2.317015
3279,2.247339
3280,1.875871
3281,1.850804
3282,2.386504
3283,2.310606
3284,2.240054
3285,2.089971
3286,2.436415
3287,2.026274
3288,2.093609
3289,2.217054
3290,1.957176
3291,1.900140
3292,2.156905
3293,2.044606
3294,2.179538
3295,1.864366
3296,2.225920
3297,1.995580
3298,2.238344
3299,1.884763
3300,2.076346
3301,2.271538
3302,2.231711
3303,1.851634
3304,1.799817
3305,1.980438
3306,1.919737
3307,2.066509
3308,2.053355
3309,2.073843
3310,2.179604
3311,1.795046
3312,2.402572
3313,2.035806
3314,2.331508
3315,1.862294
3316,2.172798
3317,2.031912
3318,2.106528
3319,2.293410
3320,2.097225
3321,1.793990
3322,1.928720
3323,2.126884
3324,1.984909
3325,1.941296
3326,2.315258
3327,2.153789
3328,1.961143
3329,2.495329
3330,2.086033
3331,2.525412
3332,1.941163
3333,2.237066
3334,2.183714
3335,1.835598
3336,1.949263
3337,1.829992
3338,1.942131
3339,2.083043
3340,1.935848
3341,1.940107
3342,2.262479
3343,2.002730
3344,2.379193
3345,1.753134
3346,1.787067
3347,2.097538
3348,1.855655
3349,1.929807
3350,2.040162
3351,2.081541
3352,1.969029
3353,1.860157
3354,1.992559
3355,2.015872
3356,2.471924
3357,1.890087
3358,2.000070
3359,2.031816
3360,1.986099
3361,1.993940
3362,2.054067
3363,2.258025
3364,2.582794
3365,2.028663
3366,1.913860
3367,2.140289
3368,2.174287
3369,2.133609
3370,2.157237
3371,2.283133
3372,1.751019
3373,1.875316
3374,1.777111
3375,1.949532
3376,2.080808
3377,2.106303
3378,1.850673
3379,2.453614
3380,2.351302
3381,2.298959
3382,1.909893
3383,2.045726
3384,1.954718
3385,2.112091
3386,2.199327
3387,2.129132
3388,2.349956
3389,1.781866
3390,1.922023
3391,1.974463
3392,2.224311
3393,2.008818
3394,1.878675
3395,2.400443
3396,2.119271
3397,2.007367
3398,1.970542
3399,1.880983
3400,1.965719
3401,2.064046
3402,2.250587
3403,1.882265
3404,1.959895
3405,2.139419
3406,1.975417
3407,2.078737
3408,2.126806
3409,2.118440
3410,1.874922
3411,1.782599
3412,2.008193
3413,1.992223
3414,1.984038
3415,1.701731
3416,2.149275
3417,2.403158
3418,1.853068
3419,1.980765
3420,1.694771
3421,2.178498
3422,2.339952
3423,2.104686
3424,2.017337
3425,2.166245
3426,1.972863
3427,2.055253
3428,1.879389
3429,1.838852
3430,2.278821
3431,1.982574
3432,1.883330
3433,1.811965
3434,2.083098
3435,1.968096
3436,2.118215
3437,2.325532
3438,2.046322
3439,1.898654
3440,1.928145
3441,1.980770
3442,1.870233
3443,2.041682
3444,1.800251
3445,2.227733
3446,1.841233
3447,2.202914
3448,1.952014
3449,1.939770
